% # columns="iteration, evaluation, sigma, axis ratio, bestever, best, median, worst objective function value, further objective values of best", seed=641995, Tue Jan 16 20:01:48 2024, <python>{}</python>
1 15 0.09465921393164614 1.0000487816775923 14.214599414049495 1.4214599414049495e+01 18.447267551081794 23.59737884106686   
2 30 0.09030220748068987 1.0484649659015841 13.218351160470704 1.3218351160470704e+01 18.688982748832217 25.533012989442124   
3 45 0.08645366191167206 1.0538855098228581 13.218351160470704 1.3857619524298750e+01 19.103072399693527 23.901661142869703   
4 60 0.08313625364339239 1.0612948106874789 13.218351160470704 1.5424992592698626e+01 18.56486833291487 22.34523406610307   
5 75 0.07868804677092668 1.071639529326207 13.218351160470704 1.4593111638195543e+01 16.771165353692282 25.11441883210851   
6 90 0.07470117360677117 1.0772591477799196 10.26674128940549 1.0266741289405489e+01 15.633049565568598 21.744178398400116   
7 105 0.07146970079812112 1.0797960251850653 10.26674128940549 1.1117934107468775e+01 16.97522219345626 19.480631032211598   
8 120 0.06851251597752989 1.0887846408233994 10.26674128940549 1.1425701802581017e+01 14.359604140733177 19.65627541281184   
9 135 0.06525356867713668 1.0934149365302919 10.26674128940549 1.1231823077418293e+01 13.850942628623928 17.83259235520085   
10 150 0.06198101856640009 1.0980902344781314 9.211539474418881 9.2115394744188812e+00 13.288790139817262 17.74161425089267   
11 165 0.059721123827225504 1.104402872944747 9.211539474418881 9.8265761275850885e+00 12.027056508539827 15.118857011937873   
12 180 0.05738354083672549 1.106036368912864 9.211539474418881 1.0353634340620543e+01 11.734782579211966 14.130575520606332   
13 195 0.05470079221720183 1.1108653304500737 9.211539474418881 9.5627433214752795e+00 11.716825615437228 15.287547346864066   
14 210 0.05218799826072439 1.1111603408969042 8.10360765332282 8.1036076533228201e+00 12.273515825111527 13.705418631729057   
15 225 0.04943215729923514 1.1146878993526863 8.10360765332282 8.1534877152407041e+00 9.864324273294704 13.152915135549595   
16 240 0.047437824537765384 1.1183291427736857 6.24479723710944 6.2447972371094398e+00 9.149898278984814 11.924757018191505   
17 255 0.04584918563045609 1.1182628256665061 5.905897297330946 5.9058972973309460e+00 9.794424299904312 12.354631344692367   
18 270 0.04439122663693925 1.1249750416024569 5.905897297330946 6.6911449164709236e+00 9.47540546591536 10.43422406734981   
19 285 0.04287495628180756 1.128414325617903 5.905897297330946 5.9686135100473985e+00 8.670508553680257 10.524985172628782   
20 300 0.04152012949698758 1.1251516988171952 4.812389388283585 4.8123893882835853e+00 7.213000166066427 10.200287509166923   
21 315 0.03988877967842961 1.1292809331874814 4.812389388283585 5.6373363488933554e+00 7.287486467820234 9.143906260031251   
22 330 0.038213676444684215 1.1364897211915839 4.812389388283585 5.6485679365566668e+00 6.910525377395633 8.130943271777044   
23 345 0.03689355588930492 1.1414658176758954 4.812389388283585 5.0063958849580530e+00 6.26215754317517 8.260382300737188   
24 360 0.035457627980732986 1.1467133394781306 3.6655784755467486 3.6655784755467486e+00 5.596525169863972 8.522483635477878   
25 375 0.034288920668564524 1.1530975443767117 3.651576419184873 3.6515764191848730e+00 4.669161945240964 6.801824535454331   
26 390 0.033057055638450045 1.1531849573358812 3.136781336720725 3.1367813367207251e+00 4.640192164951196 6.065577332395497   
27 405 0.03177191191555934 1.1548480994898342 3.136781336720725 3.2231026871749777e+00 4.434314837630482 5.838383981953984   
28 420 0.030769451810607095 1.1558342642068458 2.811714174291537 2.8117141742915370e+00 4.554189707424599 5.640543250620695   
29 435 0.03020622172771447 1.158562571649009 2.8036545296527646 2.8036545296527646e+00 3.289524900412798 4.97024556024953   
30 450 0.029823108737264882 1.1589959082960548 2.3512250350406925 2.3512250350406925e+00 3.809040351736944 4.589960368004249   
31 465 0.029485137393641652 1.162457693084009 2.3512250350406925 2.6957104625491524e+00 3.5676550670584017 4.880340419297667   
32 480 0.028963963530441273 1.1677764688422787 2.3512250350406925 2.4779834653490629e+00 3.8615080278432736 5.928088700600223   
33 495 0.028333050005325558 1.1709439566809572 2.3512250350406925 3.0305118042394064e+00 3.857035587980598 5.702897709176779   
34 510 0.02728642091370656 1.178233305889104 2.3512250350406925 3.1227030349424121e+00 3.6074415432522664 4.76249669169474   
35 525 0.02595712661240291 1.1889144157377447 2.3512250350406925 2.7334960811501277e+00 3.6591025640391175 4.499153454769523   
36 540 0.02487479254068057 1.1980713641715244 2.3512250350406925 2.5239069863790036e+00 3.1683762375351323 4.383113212351174   
37 555 0.02416263619254942 1.200382030736423 2.0886570053973226 2.0886570053973226e+00 2.6593274962487454 3.726120002232918   
38 570 0.023676833200045107 1.2032461439638713 2.079127343567024 2.0791273435670239e+00 3.080324293644444 3.483299593191078   
39 585 0.022633384180948256 1.2090764962028895 2.079127343567024 2.1317316375138349e+00 2.8389711542843443 3.749460525079823   
40 600 0.021671909818915987 1.2190425366538733 1.9263654710686733 1.9263654710686733e+00 2.6365269197401147 3.360165645469954   
41 615 0.02071634219799984 1.2250559132733438 1.4377555176055623 1.4377555176055623e+00 2.2978308002332604 3.6553429394689885   
42 630 0.019783270933283786 1.224985123992431 1.4377555176055623 1.7279602987600606e+00 2.13606446405809 3.077351278014267   
43 645 0.01893957858497089 1.2296576038110014 1.4366440953228197 1.4366440953228197e+00 2.317270352319354 2.6849986427892865   
44 660 0.01820663836256047 1.2309387496883997 1.3282204692677049 1.3282204692677049e+00 1.920573118556425 2.74574417053798   
45 675 0.01755002023569163 1.2305155858477625 1.3282204692677049 1.3542592524026973e+00 1.9697578897482217 2.5260965645014752   
46 690 0.01687476203017132 1.2338813279991019 1.0315549036240852 1.0315549036240852e+00 1.805140625973213 2.3413023903933583   
47 705 0.01626830676630518 1.2349819937619064 1.0315549036240852 1.0842094628937409e+00 1.5561835169048939 2.2500904291202373   
48 720 0.01580050925095087 1.2427083754578445 1.0315549036240852 1.3529897939948246e+00 1.6850596638865853 2.046066087038816   
49 735 0.015591265752101314 1.2465269916130692 1.0315549036240852 1.3762896959799509e+00 1.8814411253439456 2.5919260821397696   
50 750 0.015205088046979075 1.2517343684911475 1.0315549036240852 1.3560257293678335e+00 1.7758244957072855 2.634178430380576   
51 765 0.01482835749068287 1.257420192452045 1.0315549036240852 1.1559932047572425e+00 1.576331758302663 2.045146346066838   
52 780 0.014627113690284028 1.2639428930823657 1.0315549036240852 1.1413195446862687e+00 1.812825758377188 2.0925844426618694   
53 795 0.014228939190847074 1.2691833502633745 1.0315549036240852 1.1163599375756832e+00 1.7035453275414505 2.126081630360883   
54 810 0.01395941193504709 1.2737027821339812 1.0315549036240852 1.0845142210817538e+00 1.4892873213666635 2.6536768826455908   
55 825 0.013533895144531013 1.2718273025115336 0.715904944123421 7.1590494412342098e-01 1.273962316455246 1.6399124067603426   
56 840 0.013114022710480382 1.2788788338363988 0.715904944123421 8.7394736529058814e-01 1.3429165699838976 1.6760992748532164   
57 855 0.012704095155115589 1.2886312061728562 0.715904944123421 8.6982575195166034e-01 1.2784451716948941 1.6787120284439252   
58 870 0.012397368848253886 1.2969134990058582 0.715904944123421 9.8032453433574207e-01 1.2168721724263016 1.5695051070217005   
59 885 0.012149703688244747 1.3027173787836341 0.6626966358246862 6.6269663582468619e-01 1.1993228509130112 1.6103891343646612   
60 900 0.012009016610021074 1.304447223695411 0.6626966358246862 8.0232187863211812e-01 1.142008468346286 1.7463107902542865   
61 915 0.01181863530312445 1.3066801270112713 0.6626966358246862 8.4510969962440186e-01 1.1122161241768906 1.531492093635357   
62 930 0.011623629445265552 1.3094326318883396 0.6626966358246862 7.0786879209770903e-01 1.1429290042326237 1.4542769603043466   
63 945 0.011230724340989498 1.3104210564557832 0.6626966358246862 7.2821400640577083e-01 1.1142223547916545 1.5542549107450705   
64 960 0.011013274510515203 1.3151602024922662 0.6626966358246862 7.2412032630626499e-01 1.2204442258198618 1.396004469931882   
65 975 0.01076709025958171 1.3167104109585424 0.6129630652869947 6.1296306528699473e-01 0.8829089130588749 1.3494304620704582   
66 990 0.010480195558152619 1.320250146195715 0.597514566927854 5.9751456692785399e-01 1.0469091075270578 1.3972319464978176   
67 1005 0.010131856491042352 1.3175091516115711 0.597514566927854 6.7496699826333761e-01 0.9163869611757021 1.134064484712476   
68 1020 0.0099339110499333 1.3238977595609684 0.37663332067470273 3.7663332067470273e-01 0.8077991365737377 1.1424334046056814   
69 1035 0.00968310009525676 1.3271934948654154 0.37663332067470273 5.7351533874348115e-01 0.9228133312747366 1.2533864357925555   
70 1050 0.00952009007546398 1.3274876095194668 0.37663332067470273 7.1012749962564281e-01 0.8179479492415718 1.1322497723443192   
71 1065 0.009324145510672326 1.3278731620229947 0.37663332067470273 4.8429711780546075e-01 0.7886056357780802 1.2307140382536503   
72 1080 0.009107811140868383 1.326315665515243 0.37663332067470273 4.5308064662342795e-01 0.6953248620022451 0.9484954702924393   
73 1095 0.008852467368726828 1.3285099511431069 0.3457306275450054 3.4573062754500539e-01 0.6183619173240018 1.0655760482103136   
74 1110 0.00867573588231201 1.3374923494317783 0.3457306275450054 4.1717863769999408e-01 0.7063164632710357 0.9621184071185203   
75 1125 0.008502784549267941 1.3404719236169245 0.3457306275450054 5.1435107895656873e-01 0.7103106199558449 0.9429850092035887   
76 1140 0.008309934447954007 1.3440176758668871 0.3457306275450054 5.1981185251784923e-01 0.7483683087736752 0.9479186612706657   
77 1155 0.008174430164459224 1.3426804183348646 0.3457306275450054 4.2440881430619093e-01 0.6345899699214232 0.882091974922619   
78 1170 0.008076875526497955 1.3430679852329197 0.3457306275450054 4.9588053256789255e-01 0.6580760760591459 1.105761578439337   
79 1185 0.007960431913327813 1.3414225744687431 0.2503135812454862 2.5031358124548619e-01 0.5574944148526078 0.7808957964144965   
80 1200 0.007662237364877149 1.3444780755229297 0.20074238044763304 2.0074238044763304e-01 0.4589223631776407 0.7294724293934852   
81 1215 0.007392800505619653 1.3456485496485362 0.20074238044763304 3.1970132952927721e-01 0.5412442610611605 0.765499159677888   
82 1230 0.007132415889239916 1.3490512115639361 0.20074238044763304 2.8018166864413108e-01 0.4282871799656347 0.5803358642849341   
83 1245 0.007035223627112085 1.3489756459835154 0.20074238044763304 3.5825311484463446e-01 0.4620071305075345 0.6255303518459917   
84 1260 0.006861503094521315 1.3544532367052724 0.20074238044763304 2.9365307564785731e-01 0.4453322875367962 0.6999131635522379   
85 1275 0.006801553526863878 1.3579844691422684 0.20074238044763304 2.2511433508565062e-01 0.418077161789327 0.6362870379810066   
86 1290 0.0066874720602817135 1.3704201747221125 0.20074238044763304 2.8424114443831838e-01 0.4805096275672468 0.5648974335619936   
87 1305 0.006594745161597341 1.374851802785687 0.20074238044763304 3.0616630262979672e-01 0.48307078751537336 0.66013637495728   
88 1320 0.006514008714065582 1.3810247366189123 0.20074238044763304 3.0715357727875242e-01 0.4163322751803974 0.590057479508084   
89 1335 0.006422600379444201 1.384681071662773 0.20074238044763304 2.1755748103102893e-01 0.47394890802307776 0.5805615450499723   
90 1350 0.006356460397230711 1.3878844636393088 0.20074238044763304 2.9828204277779335e-01 0.3821918305818863 0.6165791354027017   
91 1365 0.006276072647878619 1.3921866704820811 0.20074238044763304 2.8262635528335789e-01 0.42346150940024274 0.5966591721723264   
92 1380 0.006262091112951635 1.3975673272566482 0.20074238044763304 2.9412010974962755e-01 0.38632529265799215 0.5097609219814001   
93 1395 0.006235647746845594 1.4038522354328156 0.20074238044763304 3.4777876279553455e-01 0.49846794801209815 0.7033916032475833   
94 1410 0.006170862514304848 1.4117082215487722 0.20074238044763304 3.1097972251527117e-01 0.41401652136947564 0.514052318704672   
95 1425 0.006110863084989593 1.4159174380720965 0.20074238044763304 2.8153597455564083e-01 0.3712799444298682 0.5314559092831507   
96 1440 0.005963199956511804 1.4199036328586845 0.20074238044763304 2.6036941984955719e-01 0.3878987756956918 0.47972948574923513   
97 1455 0.005854063257343152 1.4265757025333987 0.20074238044763304 2.6297635080059711e-01 0.3944283654773092 0.5208658788078553   
98 1470 0.005773648999049118 1.4309199493151832 0.20074238044763304 2.4622152565992542e-01 0.3702751741636485 0.5372432843072255   
99 1485 0.005727119807875887 1.4372080517987327 0.20074238044763304 2.9711467326685675e-01 0.3744944436285438 0.5313117121853185   
100 1500 0.005616733957590964 1.4420280388509803 0.20074238044763304 2.2396032292119783e-01 0.38802341427569487 0.5975579410559244   
101 1515 0.00552946252567771 1.4461408342406814 0.20074238044763304 2.2590423934901643e-01 0.3318289995208805 0.4650256757740344   
102 1530 0.0054144644978226086 1.4463237875821584 0.20074238044763304 2.7742851720591710e-01 0.3279123692492568 0.41814049407643294   
103 1545 0.00526371398662588 1.449640396149202 0.20074238044763304 2.7236437468723240e-01 0.3469020331934001 0.5531114604017868   
104 1560 0.005159670550681084 1.450881920119276 0.20074238044763304 2.7632848052244052e-01 0.37904105296252244 0.4983398494478496   
105 1575 0.005014385657849622 1.4543484118437764 0.20074238044763304 2.8133227675910438e-01 0.3474634376386756 0.41032312677340843   
106 1590 0.004912869842267278 1.4571194328964197 0.20074238044763304 2.6691303769366237e-01 0.36825355510424734 0.5097393794892171   
107 1605 0.004727440539972025 1.4548330891304269 0.20074238044763304 2.5341765880208933e-01 0.31413010144772424 0.46656501865984595   
108 1620 0.004513354890933288 1.45725475905753 0.20074238044763304 2.3723818135509508e-01 0.3379838952752198 0.4521472171312351   
109 1635 0.004308117725546073 1.4635459055409337 0.20074238044763304 2.2001700209656894e-01 0.2985209090011173 0.3932606354138537   
110 1650 0.004136075953541002 1.4625774547062067 0.2006785499632021 2.0067854996320211e-01 0.2896522064627014 0.4279473411420921   
111 1665 0.003975804075358901 1.4659816304622717 0.19169525474872123 1.9169525474872123e-01 0.2645748694963092 0.3321964840410805   
112 1680 0.003844148025039377 1.4655266307810713 0.19169525474872123 2.0216542972339999e-01 0.2765653484250612 0.33405627459330567   
113 1695 0.0037857679677330146 1.4620786814484383 0.18756151919067543 1.8756151919067543e-01 0.24267584709176476 0.308575555211425   
114 1710 0.003729209376710087 1.4634657472196353 0.18756151919067543 2.0175358805163776e-01 0.24310011663076414 0.30127312723475597   
115 1725 0.0037012029121077524 1.4686593243171808 0.18756151919067543 1.8877015721619861e-01 0.24836249707978733 0.3221230398407727   
116 1740 0.003642316025304571 1.4623963040619286 0.18550491921943058 1.8550491921943058e-01 0.2403114588050006 0.29107009905105174   
117 1755 0.003619275553325607 1.4676947684913109 0.1727062946173595 1.7270629461735951e-01 0.21164728424487433 0.2716958479101179   
118 1770 0.0036234285861979705 1.4753018240001856 0.1727062946173595 1.9831182088671756e-01 0.2296820886468915 0.2709394827112865   
119 1785 0.0036178596525253035 1.4769220840854431 0.15810496147811884 1.5810496147811884e-01 0.22636351560229137 0.29760730658298395   
120 1800 0.003608494519012929 1.4801725324625588 0.15810496147811884 1.7183498815384959e-01 0.20477863382000178 0.28358785333210257   
121 1815 0.003568389920942633 1.4874325358282359 0.15810496147811884 1.6450962664064095e-01 0.21694346070422457 0.32613852382360675   
122 1830 0.0035054541598005147 1.4910080763138478 0.15810496147811884 1.6916108514835432e-01 0.21005739958790426 0.29697296568774834   
123 1845 0.003409872445924541 1.4951266465796376 0.15810496147811884 1.6574504265071646e-01 0.19629270576643015 0.2679881270396686   
124 1860 0.003342208793439378 1.4999890101384543 0.15810496147811884 1.5882698438369958e-01 0.18539447201319195 0.23464409618034607   
125 1875 0.0032906258850770465 1.504836504986541 0.15810496147811884 1.6631881256919895e-01 0.21161250110389973 0.26001612638585586   
126 1890 0.0032596760541955764 1.5094038634094409 0.14801849689173263 1.4801849689173263e-01 0.18824195993050766 0.26485345394692905   
127 1905 0.0032445976762488452 1.515416745360277 0.1432600892517614 1.4326008925176140e-01 0.1671006147528309 0.21561283109591792   
128 1920 0.0032550401736833124 1.5231817031616504 0.1432600892517614 1.4908908687918626e-01 0.16823648205300312 0.22065865017801262   
129 1935 0.0032860274689237006 1.5275427730384257 0.12402160159658956 1.2402160159658956e-01 0.18357433902067063 0.210368349251628   
130 1950 0.003298718930896842 1.5397442377681643 0.11500994837607904 1.1500994837607904e-01 0.1834338691859005 0.2439609607187347   
131 1965 0.003280619848687277 1.5518295401347897 0.11500994837607904 1.2389257783046825e-01 0.16728104263549864 0.3074405110491033   
132 1980 0.0032052383451471513 1.5577362435517856 0.11500994837607904 1.1934909467923804e-01 0.17809542303000658 0.29051201016942624   
133 1995 0.0031641607367881705 1.5660003500252235 0.11500994837607904 1.3734478455242866e-01 0.1791332689163796 0.22126381399390171   
134 2010 0.003165570940479099 1.5695940831524569 0.11500994837607904 1.1597714738224058e-01 0.18046348276744198 0.2634192486641169   
135 2025 0.0031894056226839866 1.576920888993485 0.11500994837607904 1.2435752928023182e-01 0.14305623548543198 0.18893436728753016   
136 2040 0.003191482299756618 1.585330680409927 0.11500994837607904 1.2412531976199462e-01 0.15943964219307594 0.31454864472775634   
137 2055 0.0032415843427869707 1.5922283453740398 0.1105377946649162 1.1053779466491620e-01 0.1631554009739694 0.2360730518831135   
138 2070 0.0032823335871217134 1.6124432590757118 0.10615998290081055 1.0615998290081055e-01 0.15847063337813283 0.20068171277901276   
139 2085 0.003311051846409327 1.6298456047012404 0.0992875193980836 9.9287519398083598e-02 0.14037092937603166 0.17503049761714987   
140 2100 0.0033344816669047426 1.6425863709414765 0.09651299548903582 9.6512995489035816e-02 0.1255595106372623 0.1515140952166029   
141 2115 0.003325193726863834 1.6597305536862184 0.09651299548903582 1.0007005338132938e-01 0.12979597742778165 0.1765605917763636   
142 2130 0.003336646623152997 1.6695688350434585 0.08325377936666326 8.3253779366663255e-02 0.12347503918871951 0.18417436593508058   
143 2145 0.0032703924670576118 1.693101493246484 0.08325377936666326 9.2553805395523950e-02 0.15383182529809353 0.1709038027311635   
144 2160 0.0031914138021465273 1.716601581587181 0.08325377936666326 9.7764481632931610e-02 0.11892275176456484 0.1496935068223189   
145 2175 0.0030906646055507067 1.7289588428975193 0.08325377936666326 8.7237238695392558e-02 0.11055125133875854 0.16865758588595597   
146 2190 0.00301800378019454 1.746600989434105 0.08085670349206102 8.0856703492061019e-02 0.11151441399070156 0.17408301617060268   
147 2205 0.002939931882046095 1.7638945995795934 0.07552314368699739 7.5523143686997390e-02 0.10387569678735466 0.14235601650691096   
148 2220 0.0028841058823368833 1.7739166312724965 0.07552314368699739 7.9650092796211436e-02 0.10307632314962209 0.11869638005991406   
149 2235 0.002834299547012856 1.7863837930282864 0.07552314368699739 7.7065889158072609e-02 0.09865476890632952 0.16075822743736107   
150 2250 0.0027914489546296832 1.8105725865491806 0.07552314368699739 7.7712596202807988e-02 0.1077632136876228 0.2185416797777967   
151 2265 0.0027573544701340737 1.8222497815558616 0.07552314368699739 7.8511660776645273e-02 0.09672829389700785 0.132107503983877   
152 2280 0.002706146467241735 1.8422407711312618 0.07552314368699739 7.8514754996581129e-02 0.09329862098486513 0.14167754803798094   
153 2295 0.002672379235959464 1.856008018920199 0.07295768177133385 7.2957681771333854e-02 0.09012192348126381 0.12876723719803818   
154 2310 0.0026753919378135 1.8740680951767072 0.06635520716463632 6.6355207164636318e-02 0.08528610378461696 0.1447744288914996   
155 2325 0.0026568268065621397 1.895944970620345 0.06635520716463632 6.7718004910110333e-02 0.08140373793883875 0.10978877507209198   
156 2340 0.0026329999892690894 1.9138255452087756 0.06158302933803062 6.1583029338030622e-02 0.07936638954610722 0.13721872201520616   
157 2355 0.0026632823709175257 1.9399910121371626 0.06158302933803062 6.5077678405289718e-02 0.08078057748529326 0.12040418504057412   
158 2370 0.0026782986563915518 1.9637412793695894 0.06099210840579187 6.0992108405791869e-02 0.08541624690516741 0.14428305274027473   
159 2385 0.002649442982229805 1.996203721432746 0.05989800478088738 5.9898004780887380e-02 0.08235388411450781 0.1288744803517027   
160 2400 0.0026060376464524465 2.0127708419970824 0.05989800478088738 6.0443306168111888e-02 0.07981967496287151 0.11889580220767178   
161 2415 0.0025963337453394396 2.0268159288325673 0.057742735500113496 5.7742735500113496e-02 0.07042731230393771 0.08964032052863781   
162 2430 0.0025439124456009374 2.0450891268642746 0.054104876830838346 5.4104876830838346e-02 0.07067652771460273 0.10431017079784624   
163 2445 0.002485851578063538 2.055019049251359 0.054104876830838346 5.6417573778558827e-02 0.06611735471380607 0.08948273675147826   
164 2460 0.002462520124385951 2.0732232136055657 0.054104876830838346 5.8577039018530348e-02 0.07310393856301367 0.0869671049018294   
165 2475 0.002427384304468104 2.097063268923897 0.053416864495939444 5.3416864495939444e-02 0.07014329972148625 0.10893867445662583   
166 2490 0.0024061969464212354 2.1079856099898913 0.053416864495939444 5.5894901450935730e-02 0.06840458771136473 0.08630923337966936   
167 2505 0.0023618003761606203 2.1245025339193555 0.053416864495939444 5.3571031637079290e-02 0.07650382047045254 0.09633558375371193   
168 2520 0.002308841848284988 2.1310619868146787 0.05212290055386165 5.2122900553861651e-02 0.06649507708416555 0.08517224422207903   
169 2535 0.0022901845867121357 2.1383941170519694 0.05212290055386165 5.3679195124898216e-02 0.05961834339996449 0.07416913842119628   
170 2550 0.0022807604974998254 2.1465684248495953 0.04528865971599459 4.5288659715994592e-02 0.05818724656034819 0.07705820438570324   
171 2565 0.002259791586490673 2.153579939279563 0.04528865971599459 4.9814442568166528e-02 0.057412065962527396 0.07981440465317029   
172 2580 0.002216462075572906 2.1619810335506786 0.04528865971599459 4.8824325563947432e-02 0.05650351333018552 0.10787138320460224   
173 2595 0.0021761864565149297 2.1691439892303768 0.04528865971599459 4.6512535404446172e-02 0.06098146878987571 0.0761619464287495   
174 2610 0.0021664108556809854 2.1808819622757913 0.04528865971599459 4.7521031413148423e-02 0.06335901514884572 0.09840626390149866   
175 2625 0.0021234839838885546 2.186601087600755 0.04528865971599459 5.2146507963551483e-02 0.06811278938887427 0.1080653214452813   
176 2640 0.0020554616332713114 2.19937514493372 0.04528865971599459 4.8292610533425005e-02 0.05719269743476369 0.08628037053885021   
177 2655 0.002005893826584403 2.2005041795681186 0.04387630733398523 4.3876307333985232e-02 0.05199312872249661 0.07904132762894966   
178 2670 0.001953792699466304 2.213156143930495 0.04387630733398523 4.5826525162031971e-02 0.0549846123560765 0.06659481805323453   
179 2685 0.0019405849440404228 2.212735834827553 0.04387630733398523 4.7681021528022630e-02 0.05159924213003937 0.0705134551283615   
180 2700 0.0019080928789955846 2.222568683764421 0.04387630733398523 4.6772359084309753e-02 0.05272472362305815 0.06978287623677941   
181 2715 0.0018722564096384595 2.2262078385900548 0.04318272580903769 4.3182725809037689e-02 0.05389296459614455 0.07291255307083275   
182 2730 0.0018334613440694687 2.229744628112959 0.04318272580903769 4.6802932685437372e-02 0.05193100263964338 0.059903237996631074   
183 2745 0.001775281879755674 2.2350600462788353 0.04318272580903769 4.6467458384645666e-02 0.05119996986616864 0.06717563766443686   
184 2760 0.0017191132672861997 2.230356033095335 0.04318272580903769 4.5179986787066972e-02 0.05036124617633764 0.059951923042404674   
185 2775 0.0016548764311015468 2.2306166739854656 0.04318272580903769 4.4246727658186276e-02 0.05412410764191288 0.07371725373558823   
186 2790 0.001628748850078452 2.2269642101786924 0.04318272580903769 4.5518567374319342e-02 0.04941565811037828 0.06204030217243805   
187 2805 0.0016417773766157146 2.2292869266586046 0.04318272580903769 4.4378862034505140e-02 0.04864310116996147 0.058732334848682885   
188 2820 0.001639768556727145 2.236305206645544 0.04318272580903769 4.4178325412481019e-02 0.050957610150354785 0.06596785073969522   
189 2835 0.0015909960051442781 2.2544252975117347 0.04318272580903769 4.3312329122705551e-02 0.050045113195872876 0.08339274454699108   
190 2850 0.001573591806082062 2.262426574359224 0.04259115141378751 4.2591151413787512e-02 0.04985137641604908 0.05795622406081769   
191 2865 0.0015564327682313544 2.265797361062675 0.04259115141378751 4.3719384163405345e-02 0.050739005441330275 0.058410319386020634   
192 2880 0.0015327586194683533 2.2700571932805826 0.04259115141378751 4.3690910472739722e-02 0.046690312799289306 0.06754347548390569   
193 2895 0.0015055900386891897 2.2696084388990587 0.04259115141378751 4.3284734770545522e-02 0.048688227570307475 0.06578996219351714   
194 2910 0.001495977241957744 2.2718102568273952 0.042496883475280994 4.2496883475280994e-02 0.047968038134038264 0.0637982314794671   
195 2925 0.0014780881237832226 2.27483715636248 0.04038434511825798 4.0384345118257982e-02 0.04590812548184868 0.06324279099924637   
196 2940 0.0014546800025774338 2.2787653719394165 0.04038434511825798 4.2850401379154884e-02 0.05409612802030759 0.06797263352779226   
197 2955 0.0014185524549479394 2.28757181845921 0.04038434511825798 4.2089693799655832e-02 0.04758805526031456 0.09277158460758425   
198 2970 0.001384576418882475 2.2856701099662096 0.04038434511825798 4.2886637269283885e-02 0.047031058610081125 0.06246072508253929   
199 2985 0.0013624362335687224 2.2913644672015634 0.04038434511825798 4.3182748585124150e-02 0.04656330820564995 0.051188296146037586   
200 3000 0.0013393436330832388 2.298305320703896 0.04038434511825798 4.2220505166317278e-02 0.044559305909873496 0.052602246993373444   
201 3015 0.0013079696405022539 2.2971009400678275 0.04001603927619544 4.0016039276195438e-02 0.044501752014775915 0.05003975061127377   
202 3030 0.001288076135017362 2.2966706945827298 0.04001603927619544 4.1933285960537206e-02 0.04512831490291716 0.056285871918838826   
203 3045 0.0012749714764734893 2.3015987755395115 0.04001603927619544 4.0828494128878998e-02 0.044673129412017065 0.052658469269356106   
204 3060 0.0012656918951379594 2.2997231914890635 0.04001603927619544 4.0893129307098895e-02 0.04411737893048193 0.052784973263949604   
205 3075 0.0012392042304245666 2.3084683287920895 0.04001603927619544 4.0890196696381650e-02 0.046292027753567 0.0673899712929699   
206 3090 0.0012036918036207405 2.308086669622993 0.04001603927619544 4.0563936221313462e-02 0.04338822689007214 0.06733938030453433   
207 3105 0.0011864463645951105 2.300531607089161 0.04001603927619544 4.0131773264762867e-02 0.04293263373521197 0.04609372438941155   
208 3120 0.0011750812376415452 2.3078213362021027 0.03982754648191635 3.9827546481916352e-02 0.04294553073503171 0.055481843421933255   
209 3135 0.0011512164065064013 2.3131283779923777 0.03982754648191635 4.0053136481040391e-02 0.042778511554995284 0.05567098619775587   
210 3150 0.0011330080414730917 2.3066834285334257 0.03870718069885604 3.8707180698856043e-02 0.04189783848286604 0.045595600554763666   
211 3165 0.0011265340262665553 2.3083647515875776 0.03870718069885604 4.0063118415597447e-02 0.043484744995848534 0.04905477908716635   
212 3180 0.001110024174061824 2.303632965382631 0.03870718069885604 4.0268540048345035e-02 0.04313990292199917 0.04890097696222953   
213 3195 0.0011003254800100665 2.300665612922598 0.03870718069885604 4.0618639007713543e-02 0.04248773957985783 0.052471434098507505   
214 3210 0.0010862767384361436 2.3082353769392046 0.03870718069885604 3.9545359524270622e-02 0.04178775580178042 0.0480416240429034   
215 3225 0.0010683245092287866 2.3099155358013896 0.03870718069885604 4.0283124225092129e-02 0.04352899214118494 0.05524260304608511   
216 3240 0.0010584748520514795 2.311008173161257 0.038701401013060854 3.8701401013060854e-02 0.04204892639341032 0.05397610334953655   
217 3255 0.0010496417815147143 2.31435877885341 0.038701401013060854 3.9572417827601264e-02 0.041921843020468245 0.049931804693762405   
218 3270 0.0010350492842587642 2.3111946272520747 0.038701401013060854 3.9584751387717672e-02 0.042539635805239805 0.05388241709105811   
219 3285 0.0010193537504346948 2.3150557737675794 0.038701401013060854 3.9909351948091434e-02 0.04255597904390908 0.04818731197120517   
220 3300 0.001008488351376465 2.3184640232934344 0.038701401013060854 4.0177547724340713e-02 0.041296884918630886 0.05078699123103296   
221 3315 0.0010075672756500148 2.337841575641617 0.038701401013060854 3.9070068175565964e-02 0.04194823422630385 0.048760086173937844   
222 3330 0.0009913181652498782 2.3409125956397894 0.038701401013060854 3.9486795800033253e-02 0.04150749345182335 0.05494043881292916   
223 3345 0.0009815714653833598 2.3481619105703158 0.038701401013060854 3.9135900242065848e-02 0.04068911695705001 0.04569995524032844   
224 3360 0.000975636759536916 2.3459975320969613 0.038701401013060854 3.8761247812717350e-02 0.04077959600813329 0.04290659957707689   
225 3375 0.000986404788298921 2.3439377819910163 0.038701401013060854 3.9293386504981362e-02 0.04121131212407148 0.045901461824170035   
226 3390 0.0010049077168849826 2.351725814723676 0.03802805210610095 3.8028052106100947e-02 0.04018084759492253 0.04303260343635611   
227 3405 0.0010070346804745545 2.3541670481972408 0.03802805210610095 3.9074230942091191e-02 0.04098310684644046 0.0472798229942063   
228 3420 0.0010110112267795151 2.3489440822974665 0.03802805210610095 3.9455388389503132e-02 0.04162296433095975 0.05509886096796107   
229 3435 0.0010301508680968675 2.3559530039363654 0.03802805210610095 3.9601483518676872e-02 0.04241902288713983 0.05299932418188919   
230 3450 0.001036041744195663 2.361225494196866 0.03785564186296547 3.7855641862965472e-02 0.04193615186608725 0.052316070312382626   
231 3465 0.0010306408080005237 2.372787235945593 0.03785564186296547 3.9228275911871439e-02 0.0407313828210985 0.04374046973138731   
232 3480 0.0010279564452286773 2.368817285825755 0.03785564186296547 3.8897696053432365e-02 0.041130951480396034 0.0482847781243126   
233 3495 0.0010150253862774238 2.3724635636305664 0.03785564186296547 3.8544874308103154e-02 0.041584708484202884 0.05465870417441078   
234 3510 0.0010014701049600463 2.372271864543954 0.037715425870704464 3.7715425870704464e-02 0.040416010272862686 0.0456240024787037   
235 3525 0.000997169075183484 2.375044518739109 0.037715425870704464 3.8144043223061253e-02 0.04013425163705902 0.045555224492266774   
236 3540 0.0009911764854561302 2.3780620711258957 0.037073897905273066 3.7073897905273066e-02 0.04121851693367025 0.04596618023347448   
237 3555 0.0010000210827058923 2.389466236910443 0.037073897905273066 3.8754435041812085e-02 0.04111528261128165 0.04922316379528571   
238 3570 0.0009857275018989274 2.3966691900519277 0.037073897905273066 3.7629678509846679e-02 0.040456426974344664 0.05439409076831013   
239 3585 0.0009529504620397831 2.40160002696253 0.037073897905273066 3.7946511005266748e-02 0.04001383618849452 0.05878019551473781   
240 3600 0.0009287944616269679 2.408218606480714 0.03688490211468098 3.6884902114680977e-02 0.04001989346982868 0.05087090043637711   
241 3615 0.0009133145786827269 2.415602040138942 0.03688490211468098 3.8122712762693869e-02 0.03945724236082303 0.05836940282158642   
242 3630 0.0008925359994641326 2.419876624508613 0.03688490211468098 3.7294565734477529e-02 0.0396644817060315 0.047031702803547806   
243 3645 0.0008793750319648758 2.418537380436907 0.03688490211468098 3.7263889332809240e-02 0.039719474153457154 0.046095467749901066   
244 3660 0.0008646327201428265 2.430179490753626 0.03688490211468098 3.6886237530057285e-02 0.03974344649325694 0.05002462152137228   
245 3675 0.0008388575984966903 2.439012481114663 0.03688490211468098 3.6959310601267156e-02 0.04064726005888291 0.049296102057324244   
246 3690 0.00081037337251595 2.442390608663675 0.036404485100076024 3.6404485100076024e-02 0.037698712039651465 0.0399089792003556   
247 3705 0.0007978600731745949 2.446795741425112 0.03597824280835745 3.5978242808357451e-02 0.038024170428271574 0.04379400945506776   
248 3720 0.0007852106172043313 2.4513290443885714 0.03597824280835745 3.6374695700541596e-02 0.038266052885272135 0.04153601704276853   
249 3735 0.0007735567815400988 2.449431417718934 0.03597824280835745 3.6004281316392162e-02 0.037914069640001075 0.04221422818714367   
250 3750 0.0007714529116818962 2.4549275732662785 0.03597824280835745 3.6302086523969032e-02 0.03771079052068729 0.04681324826627381   
251 3765 0.0007677556213255367 2.4515532831687517 0.03597824280835745 3.6511505106122409e-02 0.03763126690887659 0.04479293966245035   
252 3780 0.0007670166337867302 2.4533886608807287 0.03597824280835745 3.6464092068059277e-02 0.03850616544332263 0.04967924018249592   
253 3795 0.0007727352496172756 2.457053792272107 0.03597824280835745 3.6160013935415840e-02 0.03766567759974869 0.03943789949829321   
254 3810 0.0007783653521718297 2.46238383586584 0.035823446926764146 3.5823446926764146e-02 0.03793802345082766 0.04042559720633836   
255 3825 0.0007895841156962657 2.4657536046604918 0.03543131445123404 3.5431314451234042e-02 0.037374509388324366 0.04272490857764448   
256 3840 0.0007953057202684833 2.4770887255465013 0.03543131445123404 3.6120196730939247e-02 0.03789353371434015 0.04294189870267387   
257 3855 0.0007943515291267249 2.4858185294681037 0.03543131445123404 3.5891382012258402e-02 0.03727292276343136 0.04148972966507834   
258 3870 0.0008045948365939732 2.4878545094137605 0.03543131445123404 3.6096643127147061e-02 0.03703128445307816 0.04035026227417272   
259 3885 0.0008089219022683853 2.4885587199803094 0.03543131445123404 3.5434350822381395e-02 0.03707261059726145 0.048420392731201606   
260 3900 0.0008071411530855099 2.4931079901324713 0.035323787108281365 3.5323787108281365e-02 0.03620171215322035 0.0381546508210307   
261 3915 0.0007902269946899023 2.4981848435241925 0.035323787108281365 3.5742021141211888e-02 0.03723202858129212 0.038964431339262404   
262 3930 0.0007725711604335336 2.502481264803218 0.035323787108281365 3.5658380547815553e-02 0.037958801721359424 0.043936934359565596   
263 3945 0.0007690881878183784 2.5020328182189733 0.035323787108281365 3.5561868416590210e-02 0.03675165988334607 0.044110855331337136   
264 3960 0.0007755550222998503 2.5105612179769974 0.035323787108281365 3.5742538921444349e-02 0.03739387870604759 0.042409667952557274   
265 3975 0.0007793119319251596 2.5112638814388304 0.035323787108281365 3.5375414302666996e-02 0.038419676791575284 0.044369041421296065   
266 3990 0.0007770449787889873 2.5073581931820392 0.035323787108281365 3.5645890976488487e-02 0.03776064465587329 0.04111500634792285   
267 4005 0.0007728763847229056 2.5136634866977228 0.035323787108281365 3.5434490368971831e-02 0.0369764209413148 0.04053785036412691   
268 4020 0.0007619715803964417 2.524247953838338 0.035323787108281365 3.5578964803803029e-02 0.037861900548507674 0.04091957250052427   
269 4035 0.0007625253074724242 2.521838309880734 0.035323787108281365 3.5503333112008463e-02 0.03751266093498005 0.0422110988456141   
270 4050 0.0007616378409633127 2.5208296437808544 0.035323787108281365 3.5377714315304412e-02 0.036518925025636965 0.03745249069636798   
271 4065 0.0007485772144798415 2.5145340708078976 0.035323787108281365 3.5606394850730895e-02 0.03709094381024 0.04189837535472288   
272 4080 0.0007399485878545395 2.5101659349835836 0.03509998022680779 3.5099980226807791e-02 0.03615946061108154 0.038065851790245256   
273 4095 0.0007380196335288272 2.5062065536769405 0.03503288632217865 3.5032886322178651e-02 0.036358979110626084 0.04282327445893883   
274 4110 0.0007314591154338044 2.5012143762476313 0.03503288632217865 3.5214118538502828e-02 0.036578487300063266 0.040891597846973674   
275 4125 0.0007302495683454485 2.4942721818604268 0.03467947335977623 3.4679473359776232e-02 0.03629551474449888 0.04084059159293951   
276 4140 0.0007406332446389694 2.499477889130344 0.03467947335977623 3.4903788607750376e-02 0.03938944554616034 0.047039137219276536   
277 4155 0.0007425191333698473 2.4980078142342164 0.03467947335977623 3.5141984358450361e-02 0.03756015756882077 0.044112052113558516   
278 4170 0.000742058132160392 2.499506876450644 0.03467947335977623 3.5078840291673963e-02 0.03703039377068858 0.04602396018389099   
279 4185 0.000740541422171856 2.5126761004601 0.03456965350370222 3.4569653503702218e-02 0.03597404309874467 0.04190235371711501   
280 4200 0.000741504059445905 2.5052742642464736 0.03456965350370222 3.5418041041531657e-02 0.03723812239928428 0.04347963495708641   
281 4215 0.0007338273110708845 2.5059910514202217 0.03456965350370222 3.5243903735043325e-02 0.03664987950595697 0.04586295476158881   
282 4230 0.0007303205362317488 2.5091908174360955 0.03456965350370222 3.5361056936175667e-02 0.0360965895993114 0.04154280862334084   
283 4245 0.0007202749114773614 2.505185887209316 0.03456965350370222 3.4882396762221442e-02 0.036688869760208624 0.041554819670863614   
284 4260 0.0007147586562129503 2.50208481566577 0.03456965350370222 3.4794342243513778e-02 0.03674140924803786 0.04425062264188859   
285 4275 0.000693133681605486 2.505817801477096 0.03456965350370222 3.4822117493515825e-02 0.03617227843182089 0.04669389997400011   
286 4290 0.0006816303077253606 2.509726122838817 0.03456965350370222 3.4781254033530204e-02 0.03557408820739336 0.03905539456510049   
287 4305 0.0006762834704128602 2.518187410250422 0.03456965350370222 3.4805840927865254e-02 0.03607369876368447 0.04178515358316504   
288 4320 0.0006722281229257141 2.522811101578966 0.03456965350370222 3.4846454315871765e-02 0.036317012405086745 0.03930793795811924   
289 4335 0.0006616318712615065 2.520281254734108 0.03452914403512509 3.4529144035125088e-02 0.03572060824097758 0.03647818403474938   
290 4350 0.0006451261758195906 2.5277337668907167 0.03452914403512509 3.4648351733031393e-02 0.03572379047380856 0.038244908900345834   
291 4365 0.0006443921148369217 2.53202250030966 0.03452914403512509 3.4909961667554529e-02 0.03525700490799889 0.03688259624487094   
292 4380 0.0006414852565301343 2.5364764965685156 0.03452914403512509 3.5041380372851899e-02 0.03550499946594037 0.03692197643030305   
293 4395 0.0006295652310630885 2.5441371812527405 0.03452914403512509 3.4807246303412302e-02 0.035507417511034846 0.03748074800424375   
294 4410 0.0006131761981710896 2.549638809709748 0.03452914403512509 3.4890106310968956e-02 0.035371117558193756 0.03936990595733915   
295 4425 0.0006061579590509929 2.5436958711705002 0.03433883202647761 3.4338832026477611e-02 0.03518692975245087 0.03613520929517049   
296 4440 0.0005982882541419185 2.548197084456019 0.034073757387829855 3.4073757387829855e-02 0.03550556739520563 0.03999931768820808   
297 4455 0.0005901740782143743 2.551977124449517 0.034073757387829855 3.4308576425539070e-02 0.035154202957216774 0.03692193258461662   
298 4470 0.0005765531358072535 2.5583161202737057 0.034073757387829855 3.4248706800042501e-02 0.03484003347291122 0.03747145226571449   
299 4485 0.000569395112429856 2.555300689607134 0.034073757387829855 3.4233645118908931e-02 0.034793162786265465 0.03862608193960551   
300 4500 0.0005599103444891912 2.5634426977422127 0.034073757387829855 3.4334185360924183e-02 0.03477918030200929 0.03664660875790646   
301 4515 0.0005560445392504695 2.5611475173994527 0.034073757387829855 3.4660928090305333e-02 0.03581817972591623 0.039302484056592396   
302 4530 0.000545424226711425 2.562524408931756 0.034073757387829855 3.4086917785180776e-02 0.03513335456624505 0.037047605238228955   
303 4545 0.0005398499042969733 2.5716561071774255 0.034073757387829855 3.4123688191444186e-02 0.03475381666989168 0.0382721288961207   
304 4560 0.000534717441548194 2.576627579859689 0.034073757387829855 3.4163927059311490e-02 0.035181899900184783 0.038491111926862734   
305 4575 0.0005319438604485012 2.585220513147714 0.034073757387829855 3.4315949793789526e-02 0.03483217607498338 0.03591308163958282   
306 4590 0.0005258754151083642 2.582203665774861 0.03407346017899936 3.4073460178999357e-02 0.034751034933010745 0.038036978156643864   
307 4605 0.0005244045546333899 2.583332434014512 0.033986573479191345 3.3986573479191345e-02 0.0346696816645906 0.03781120714064934   
308 4620 0.0005270084151005678 2.5905674312671354 0.03378550416373672 3.3785504163736720e-02 0.034686630419391774 0.038985731272551054   
309 4635 0.0005367455658463908 2.5972939711607075 0.03378550416373672 3.3899869171675999e-02 0.03449739357668079 0.03863665829627686   
310 4650 0.0005411611787841956 2.6051021886551182 0.03378550416373672 3.4268479489664536e-02 0.03600500771909411 0.041495160577086986   
311 4665 0.000544194265507069 2.611198360587631 0.03378550416373672 3.4085555615633631e-02 0.03520691617284581 0.040301232924750865   
312 4680 0.0005380552430966345 2.625210042654967 0.03378550416373672 3.3880261569179095e-02 0.034891812714221114 0.03981459945588434   
313 4695 0.0005362657888822102 2.6281920683933846 0.03378550416373672 3.4085676998001843e-02 0.035771173557965254 0.039231471949616445   
314 4710 0.0005353764943029819 2.645117118447615 0.03378550416373672 3.4303155607614010e-02 0.034914996878633066 0.03890839954753618   
315 4725 0.0005380392766676507 2.6610687299198132 0.03378550416373672 3.4007110431002942e-02 0.03476276683643895 0.045706961517822366   
316 4740 0.0005438345332931931 2.6684783107631653 0.03378550416373672 3.4010177584473979e-02 0.03474789429596519 0.03917220842308459   
317 4755 0.0005530303882643376 2.683486026011077 0.03378550416373672 3.4285641125064846e-02 0.034625456220044676 0.039651882060925965   
318 4770 0.0005622833812849437 2.705030224530597 0.03378550416373672 3.4082699672471871e-02 0.0348761550387342 0.035995639262645165   
319 4785 0.0005620396411009682 2.711943410677366 0.03378550416373672 3.4170298114258306e-02 0.03510662350687887 0.03872698457425766   
320 4800 0.0005640293087924871 2.715239409086743 0.03378550416373672 3.4002918531100566e-02 0.03470019225417612 0.04022793867355128   
321 4815 0.0005638679272006886 2.7265150052622356 0.03378550416373672 3.4192490726648969e-02 0.03507231191269548 0.038440572279721426   
322 4830 0.000572122374161553 2.7368880379538743 0.03378550416373672 3.3925011788385105e-02 0.03481882172319178 0.037347141759358035   
323 4845 0.0005869303710520881 2.740464410657201 0.03378550416373672 3.4042694108576882e-02 0.03491468505651318 0.039430182010455075   
324 4860 0.0006005777208782969 2.753015287853608 0.03378550416373672 3.3862089666675234e-02 0.03498173659388203 0.040536069230038524   
325 4875 0.0006242690565936883 2.7619739515925965 0.03378550416373672 3.4341029884549061e-02 0.03500596192021574 0.03798333267845799   
326 4890 0.0006461425118263887 2.7739683471259737 0.03378550416373672 3.4065609112368916e-02 0.035083099931541906 0.038810170443035065   
327 4905 0.000657368184525003 2.785127798617158 0.03378550416373672 3.4055524593546403e-02 0.03534017898325098 0.042226124121368294   
328 4920 0.0006563060268205269 2.792967658580193 0.03378550416373672 3.4191909111404177e-02 0.035097691311739856 0.040450265075215035   
329 4935 0.000651764113248701 2.8005615895769487 0.03378550416373672 3.4141448332761934e-02 0.03512196789190852 0.038281457673651105   
330 4950 0.0006435259763172012 2.8226468937424416 0.03378550416373672 3.4022991311873585e-02 0.0352085185299132 0.03999570055084123   
331 4965 0.0006391100414702228 2.8152111501350072 0.03378550416373672 3.4323022313037570e-02 0.03489254835474388 0.0374163701292269   
332 4980 0.0006293509939209953 2.819267154683542 0.03378550416373672 3.4495210634373379e-02 0.03555115815046237 0.03961904731168942   
333 4995 0.000607504001738843 2.825623845360263 0.03378550416373672 3.4407450455868661e-02 0.03597809188056428 0.040334170586366694   
334 5010 0.0005852071396060429 2.8372541871280497 0.03378550416373672 3.4199683404527982e-02 0.03478493521327433 0.04014892413524184   
335 5025 0.0005684480041731153 2.8436526246924823 0.03378550416373672 3.4175352229952757e-02 0.03474193876404007 0.046875563193476945   
336 5040 0.0005556121384007217 2.8437771617432293 0.03378550416373672 3.3853328412742814e-02 0.03444131113254244 0.03787673826551813   
337 5055 0.0005372692452600254 2.84699549662239 0.03373558485941657 3.3735584859416572e-02 0.03469666261595274 0.038016316876673936   
338 5070 0.0005246418747742634 2.86193623839225 0.03373558485941657 3.4009818328861671e-02 0.03527934764497458 0.03814887272119841   
339 5085 0.0005130508710689456 2.8724505212410274 0.03373558485941657 3.4004114660731610e-02 0.03504577004057547 0.041227164044983236   
340 5100 0.0005019574648006537 2.8822023420965373 0.03373558485941657 3.4190296680635807e-02 0.03464601310911358 0.03773766588245503   
341 5115 0.0004928791505182814 2.8786970971015235 0.03373558485941657 3.3985006578084016e-02 0.034555472921557376 0.035133019329032435   
342 5130 0.0004882026639782197 2.8850181989173125 0.03373558485941657 3.4085649624301141e-02 0.034847090908983934 0.04045776952472326   
343 5145 0.0004806971784757407 2.8802745389191498 0.03373558485941657 3.4146656026502450e-02 0.03441225316844175 0.03746608582379761   
344 5160 0.00047110923878810056 2.8941261639533904 0.03373558485941657 3.4126552338569559e-02 0.03453692320058812 0.038701960173154096   
345 5175 0.0004634408065676413 2.8973588717864107 0.03373558485941657 3.4067158276533331e-02 0.034532426721962176 0.0363138258907971   
346 5190 0.00045692370728581876 2.8957028407475636 0.03373558485941657 3.4098444859447290e-02 0.03436969332654748 0.03618429554847788   
347 5205 0.00044901152111058613 2.903559395365118 0.03373558485941657 3.3906184875520037e-02 0.03423264978127699 0.03475379927251496   
348 5220 0.0004446825842999732 2.899793678048155 0.03373558485941657 3.3886663892898759e-02 0.03414678494756386 0.03603833592064166   
349 5235 0.00043829026270932015 2.902064946526676 0.03373558485941657 3.3951274372162950e-02 0.034334309543206556 0.03536446219007302   
350 5250 0.00043395775521619894 2.9097354787130505 0.03373558485941657 3.4029662241762328e-02 0.03422460741292463 0.035065238383115996   
351 5265 0.00043369443894218776 2.9140038142561338 0.03373558485941657 3.3847815411765028e-02 0.0342033025905472 0.038061881878600407   
352 5280 0.0004424532326626428 2.9287146034699503 0.03373558485941657 3.3841389745676617e-02 0.03413078148340482 0.03448853256067809   
353 5295 0.00044996557815393925 2.9309264543465052 0.03373558485941657 3.3890841933116186e-02 0.03419619751435638 0.034465154236592466   
354 5310 0.00045791878453388954 2.9407426829132612 0.03373558485941657 3.3742241530264089e-02 0.034316203043323064 0.036135337577142684   
355 5325 0.0004630122534013555 2.9376001741155355 0.03363408203240612 3.3634082032406122e-02 0.0340552488212438 0.036097050780506366   
356 5340 0.0004740310111106418 2.940808547401511 0.03363408203240612 3.3710846248440431e-02 0.03409415892071091 0.03740872778871711   
357 5355 0.00047460613540246537 2.9518174759077556 0.03363408203240612 3.3834410324361304e-02 0.03422765347556727 0.038809703290269955   
358 5370 0.00047716409120730937 2.95585917884971 0.03363408203240612 3.3836690062927791e-02 0.03426047829533005 0.039056171948613425   
359 5385 0.00047087594876904666 2.9713331390776214 0.033593123220783866 3.3593123220783866e-02 0.03430583358797474 0.03588831521706704   
360 5400 0.00046333222233191915 2.9768763254460384 0.033593123220783866 3.3736408766397837e-02 0.034180580317251845 0.03497580552431227   
361 5415 0.00045631909913575647 2.976254704908235 0.03357452610131536 3.3574526101315359e-02 0.03442897839458185 0.03520294567081659   
362 5430 0.00044835139681748457 2.9762863791312593 0.03357452610131536 3.3759593784260807e-02 0.033939852223402095 0.035049391988024335   
363 5445 0.00044384736112824746 2.9781544882010604 0.03357452610131536 3.3660971917174994e-02 0.03400163950509147 0.034804480649747845   
364 5460 0.0004409613477005407 2.985318221725607 0.03357452610131536 3.3751045741938837e-02 0.033968625934358426 0.03455502856927322   
365 5475 0.0004371090781314252 2.984057083468133 0.033548934625748705 3.3548934625748705e-02 0.03407115440570594 0.035117464348899376   
366 5490 0.0004293395608466424 2.9805711965347292 0.033548934625748705 3.3771885658134132e-02 0.034132389900034164 0.035924632119187005   
367 5505 0.0004221111585644654 2.9937399937124134 0.033548934625748705 3.3882910975605515e-02 0.03402880167106347 0.03468904785852003   
368 5520 0.00041219613977478575 3.00033795663235 0.033548934625748705 3.3826529165493897e-02 0.03413561541985153 0.03558847461719637   
369 5535 0.0004102733725975299 3.0096048264317736 0.033548934625748705 3.3626614014902828e-02 0.034131173510496195 0.03672560510197532   
370 5550 0.0004060745638837807 3.0231841300051028 0.033548934625748705 3.3630028813893653e-02 0.033847951357518384 0.03501167220288002   
371 5565 0.00040143672721633915 3.027292475213113 0.033548934625748705 3.3617074450526273e-02 0.033918526262986255 0.0364625850053653   
372 5580 0.000395107742521133 3.0330486961818433 0.033548934625748705 3.3631971349227865e-02 0.03396547327028734 0.03588895417685525   
373 5595 0.0003868241125704828 3.0426876488184935 0.033548934625748705 3.3664500891310671e-02 0.03393788422613561 0.03521485100227947   
374 5610 0.00037698353076094296 3.0425897580178667 0.033548934625748705 3.3597537641755985e-02 0.0338589647773684 0.0352759522747698   
375 5625 0.00036643855237375277 3.0495629446323886 0.033548934625748705 3.3595978439999119e-02 0.033892213846251795 0.03433998766419311   
376 5640 0.0003532088806002096 3.0550363733321926 0.033548934625748705 3.3612802031787299e-02 0.03384503291406857 0.03560392437270987   
377 5655 0.00034059870194293315 3.060755414508722 0.033548934625748705 3.3608674036619615e-02 0.03379141147884176 0.03613404252030033   
378 5670 0.00033214578905985446 3.0738593705458164 0.033502008592953686 3.3502008592953686e-02 0.03371239985047718 0.03480963930935733   
379 5685 0.00032084671429340785 3.073945156435673 0.033502008592953686 3.3560755248728848e-02 0.03366355371872236 0.035361440345440295   
380 5700 0.00030881884544877185 3.0842252138501007 0.03343355799694357 3.3433557996943572e-02 0.03362148780346066 0.03493432498217344   
381 5715 0.00029686261762015473 3.087035373635748 0.0333913329451587 3.3391332945158697e-02 0.03388300049289845 0.03636865258831559   
382 5730 0.00028588328277171334 3.097338174164321 0.0333913329451587 3.3439857269688164e-02 0.033596744818511035 0.03622163833198952   
383 5745 0.0002778354125096533 3.0854945663032516 0.03335937852294795 3.3359378522947951e-02 0.03364292691732126 0.03388555177257176   
384 5760 0.0002715245544381207 3.087735859598061 0.033301986178779844 3.3301986178779844e-02 0.03357054864679338 0.035332113941067084   
385 5775 0.00026578726737460875 3.098272988891622 0.033301986178779844 3.3315089190760344e-02 0.03352187439672643 0.03626691981254925   
386 5790 0.0002646006143247683 3.1146062630910962 0.033301986178779844 3.3307882833829829e-02 0.03345488745270266 0.03458013309611854   
387 5805 0.00026104988990024655 3.1196786820011253 0.033301986178779844 3.3446994155344779e-02 0.0336946650489926 0.035785326911500326   
388 5820 0.0002582086888397175 3.127288921670103 0.033301986178779844 3.3313496305368687e-02 0.03349646828543398 0.03450766046422342   
389 5835 0.00025703170085008046 3.1398241543529073 0.033301986178779844 3.3376351513409834e-02 0.033566966400872554 0.03497778988158285   
390 5850 0.00025751423095262354 3.1401027570388105 0.033301986178779844 3.3336986036085994e-02 0.03347832004599201 0.03403474924881639   
391 5865 0.00025656784870571196 3.1490740708105944 0.033301986178779844 3.3307411603942863e-02 0.033459859627920426 0.03438544016225398   
392 5880 0.0002566092130192662 3.1625301765908165 0.033196443486208024 3.3196443486208024e-02 0.03351028581091302 0.03646123839416282   
393 5895 0.0002626210241986277 3.1636479353855878 0.033196443486208024 3.3278920303232269e-02 0.033407623375708816 0.033853119779172616   
394 5910 0.0002660767802665954 3.1688466707495198 0.033196443486208024 3.3268204853216257e-02 0.033448138567206714 0.03406130719466827   
395 5925 0.00026782693664982474 3.175707599511208 0.033196443486208024 3.3282031229573142e-02 0.033511255079745596 0.034450478005428664   
396 5940 0.0002656059546983811 3.1790568944585096 0.033196443486208024 3.3246471979972297e-02 0.03337686206250092 0.03350238460135398   
397 5955 0.0002634216305869626 3.1792490773065794 0.033196443486208024 3.3263246247486146e-02 0.033363440856264276 0.03364395833488243   
398 5970 0.00025786241944105354 3.1978373341915036 0.033196443486208024 3.3295688060038062e-02 0.033405007739379614 0.03536579730166648   
399 5985 0.0002549531870799039 3.2015045426200386 0.033196443486208024 3.3240349642573962e-02 0.033356528671264214 0.03483834339660616   
400 6000 0.00025323194667599175 3.201168184612855 0.033150875380147035 3.3150875380147035e-02 0.033302105612458374 0.03446791456609638   
401 6015 0.0002514865523764089 3.22653912799507 0.033150875380147035 3.3216515413494463e-02 0.03332883011906774 0.03415900937836129   
402 6030 0.0002525927473680871 3.232596500156544 0.03307395808928295 3.3073958089282950e-02 0.033314367393598505 0.03524739274433627   
403 6045 0.0002571320474328694 3.238328622000924 0.03307395808928295 3.3129003734349481e-02 0.03323197410359576 0.03343375565331787   
404 6060 0.0002649324607331955 3.244753995202438 0.03307395808928295 3.3099257836709417e-02 0.03329622562799651 0.03460520561537888   
405 6075 0.00027189121347095734 3.2466528480553007 0.03307395808928295 3.3154798050310470e-02 0.033309868233648024 0.03466448456057486   
406 6090 0.0002771545254938336 3.2556346880004567 0.03307395808928295 3.3100735765738916e-02 0.03320145915415462 0.03386682741156688   
407 6105 0.0002831518720225366 3.2632365697480723 0.03307395808928295 3.3095024242203980e-02 0.03335417625537068 0.03546247143860299   
408 6120 0.0002893414676721249 3.2635968002220705 0.03307395808928295 3.3110541771118572e-02 0.03335058015872422 0.035370527170460034   
409 6135 0.000291186088713992 3.2674989406725414 0.03307395808928295 3.3194934743534459e-02 0.03349488711158885 0.034842563565740566   
410 6150 0.00028988646959903825 3.274148951107624 0.03307395808928295 3.3134403721133375e-02 0.03331600012740723 0.034350170052221754   
411 6165 0.00029058221934425517 3.27255558962416 0.03307395808928295 3.3141720246326903e-02 0.03323615276098208 0.033742768577285656   
412 6180 0.0002895179498257861 3.275186631164827 0.03307395808928295 3.3085945762004521e-02 0.03328482311539526 0.034275254643696296   
413 6195 0.0002918015850003022 3.2745641412315862 0.03307395808928295 3.3075865545246989e-02 0.033271610398927565 0.034451538191167905   
414 6210 0.0002953464800875936 3.2830076817340332 0.03307395808928295 3.3120782108218352e-02 0.033962065353492304 0.03577930504538969   
415 6225 0.0002954657630322546 3.29034020761503 0.033069805147254425 3.3069805147254425e-02 0.03332625255146341 0.03665644827949914   
416 6240 0.00028943798437275223 3.3012431930971458 0.033069805147254425 3.3098561244784053e-02 0.03329046886310548 0.036760686920343164   
417 6255 0.0002856004811048696 3.295896162821899 0.033069805147254425 3.3071741276915610e-02 0.033189887932606583 0.035457182035821586   
418 6270 0.0002783716767661801 3.298246390366161 0.033050875178727665 3.3050875178727665e-02 0.03330505449310973 0.036179189488496896   
419 6285 0.00027207644062612803 3.3069812532998664 0.033050875178727665 3.3088830329882940e-02 0.03323071515957153 0.03488060602581965   
420 6300 0.00026499085691704014 3.3110923067491114 0.033050875178727665 3.3216499267629818e-02 0.03347917384920487 0.03541988610146343   
421 6315 0.00026432206212485473 3.3063690436223867 0.033050875178727665 3.3126188737995041e-02 0.03334420718852374 0.03370411967715951   
422 6330 0.0002669492966266896 3.3034257208842694 0.033050875178727665 3.3069421115218850e-02 0.03328203367483209 0.033634879753671756   
423 6345 0.0002698277851753368 3.309697586203165 0.033050875178727665 3.3071606705368982e-02 0.033204279319129434 0.03383416377147233   
424 6360 0.0002729508019084129 3.3116843325503638 0.033050875178727665 3.3115569169200547e-02 0.03324748365386834 0.033626959588841696   
425 6375 0.00027380916781213487 3.343209318286422 0.033050875178727665 3.3116859982044972e-02 0.033277672110811174 0.03483458322930692   
426 6390 0.00027254964207352035 3.3715191044217843 0.033050875178727665 3.3110721672320820e-02 0.03329488770522565 0.034620625118768   
427 6405 0.00026846948868753864 3.3787814139015966 0.033050875178727665 3.3072966079029299e-02 0.03319270417569461 0.03765985261591839   
428 6420 0.00026341101660743934 3.381961681835942 0.033050875178727665 3.3081319943825745e-02 0.03323945797173764 0.034817264993249775   
429 6435 0.00025813006893832903 3.381732466035773 0.033050875178727665 3.3077929951162120e-02 0.033268395217817104 0.03388323085647161   
430 6450 0.0002524487706667325 3.374160484542124 0.033050875178727665 3.3079777414026686e-02 0.03320015290658947 0.03409334448280771   
431 6465 0.00024827869008514733 3.373700208679607 0.033050875178727665 3.3075784810297139e-02 0.03320709538173749 0.03481725923871467   
432 6480 0.00024645275227726346 3.3929680395762998 0.033050875178727665 3.3102613064330523e-02 0.0331781206730406 0.03622115314864492   
433 6495 0.0002426494036642826 3.3976810076332873 0.033050875178727665 3.3078698637976529e-02 0.03328085392490485 0.03597547418032387   
434 6510 0.00024313639260214675 3.3968519228692142 0.033043499415169916 3.3043499415169916e-02 0.033193270356866755 0.03387297957411976   
435 6525 0.00024216384137807303 3.404422888250047 0.033043499415169916 3.3061923715735145e-02 0.033231209528904355 0.034596185653773995   
436 6540 0.0002376010630644098 3.4112580486089654 0.033037055015068865 3.3037055015068865e-02 0.033293167619849164 0.035195480471950924   
437 6555 0.00023439137003658416 3.4157893255222103 0.03298854496688875 3.2988544966888751e-02 0.03314527295569468 0.034422489540684414   
438 6570 0.00023124630893944475 3.416730855252726 0.03298854496688875 3.2989435776575080e-02 0.03311271212498491 0.034805530597629926   
439 6585 0.00022717640142161694 3.430773436983851 0.03298854496688875 3.3001790759428884e-02 0.033100160349171265 0.03419309569367934   
440 6600 0.00022130003925165934 3.432727369815238 0.03298854496688875 3.2997043677607162e-02 0.0330907606405479 0.033577285848833495   
441 6615 0.00021638403047286422 3.4495078573088267 0.032950249460758 3.2950249460758002e-02 0.033077021389653134 0.034063612455813415   
442 6630 0.00021460083231830386 3.432506903720108 0.032950249460758 3.2993594385013002e-02 0.03346752189268 0.03508059410367967   
443 6645 0.0002109961296597307 3.4580077119087496 0.032950249460758 3.2951539267144961e-02 0.03319765383780988 0.034482007129341734   
444 6660 0.00020775585464044785 3.4692355974953584 0.03290768877013372 3.2907688770133718e-02 0.033074218423205896 0.03440761215771447   
445 6675 0.00020237574561434915 3.4722667602701236 0.03290768877013372 3.2950378635285694e-02 0.03303723054290769 0.03480526690320996   
446 6690 0.00019715177380427745 3.476613175387619 0.03288269730192252 3.2882697301922517e-02 0.03298988750444642 0.033928167376414096   
447 6705 0.0001937559259179647 3.4874236397768175 0.03288269730192252 3.2887837351960825e-02 0.03296474600469656 0.03468050006056544   
448 6720 0.00019219059713874079 3.5182350773604387 0.032880922523648735 3.2880922523648735e-02 0.033005990936672086 0.034881046484260575   
449 6735 0.00018946102841801773 3.541701357462547 0.032880922523648735 3.2939878075488392e-02 0.03300657945224476 0.03434623186786854   
450 6750 0.00018688282774279312 3.5636125405779073 0.03287090925084483 3.2870909250844828e-02 0.032990457365655625 0.033278127476696874   
451 6765 0.00018339646067698032 3.573944161925809 0.03287090925084483 3.2874261208278160e-02 0.03296503418406158 0.033407699514761   
452 6780 0.00017753719088129768 3.580330980205161 0.032867784540156736 3.2867784540156736e-02 0.03297962906598706 0.03318925243160823   
453 6795 0.0001735937586478553 3.5792867533592885 0.032867784540156736 3.2882598999694167e-02 0.03296379916856232 0.03387933028956437   
454 6810 0.00017234698039950903 3.593709444513871 0.032867784540156736 3.2885926446771303e-02 0.03311092500288586 0.03433791004415686   
455 6825 0.00017044141872244535 3.6029836613221837 0.032864247837003514 3.2864247837003514e-02 0.032982452584618474 0.033218922037431986   
456 6840 0.00016820736809471887 3.6132325824333678 0.032864247837003514 3.2881327810850944e-02 0.03298495711358901 0.03381900817766376   
457 6855 0.00016479824479908082 3.615992937840384 0.03284926730648617 3.2849267306486171e-02 0.033178530596800426 0.03428499691842405   
458 6870 0.00016201246430183397 3.6302870874120643 0.03284926730648617 3.2859567500095749e-02 0.032949663143147304 0.03389248048807942   
459 6885 0.00015913301513032375 3.623383122349657 0.03281792829321606 3.2817928293216059e-02 0.032882739732409814 0.03386748448294477   
460 6900 0.0001584063178356895 3.6469781946856497 0.03280837534098138 3.2808375340981383e-02 0.03298015299869978 0.034241959363931616   
461 6915 0.0001561866382220363 3.6702454638061215 0.03280766772083789 3.2807667720837888e-02 0.03286907071557236 0.03332035163775562   
